              precision    recall  f1-score   support

           0       0.00      0.00      0.00         1
           1       0.82      0.84      0.83       462
           2       0.00      0.00      0.00         2
           3       0.00      0.00      0.00         3
           4       0.98      0.98      0.98       147
           5       0.60      0.69      0.64        13
           6       1.00      1.00      1.00      3045
           7       0.99      0.98      0.98       176
           8       1.00      1.00      1.00      1736
           9       1.00      1.00      1.00      1746
          10       1.00      0.96      0.98      1747
          11       0.70      0.78      0.74         9
          12       0.96      1.00      0.98      1548
          13       1.00      1.00      1.00      1935
          14       1.00      0.99      1.00      2325
          15       0.97      0.98      0.97       119
          16       0.38      0.52      0.44        89
          17       0.00      0.00      0.00         2
          18       0.70      0.90      0.79        29
          19       0.99      0.99      0.99       905
          20       0.99      0.99      0.99      1134
          21       0.98      1.00      0.99      1441
          22       0.57      0.59      0.58       131
          23       0.98      0.81      0.88       407
          24       0.80      0.96      0.88       339
          25       0.99      1.00      1.00       350
          26       0.49      0.65      0.56        57
          27       0.00      0.00      0.00        50
          28       0.00      0.00      0.00         2
          29       0.50      0.25      0.33        32
          30       0.00      0.00      0.00         2
          31       0.50      0.21      0.30        14
          32       0.00      0.00      0.00         2

    accuracy                           0.97     20000
   macro avg       0.63      0.64      0.63     20000
weighted avg       0.97      0.97      0.97     20000
